DENTCL 603,
DENTCL 631,
DENTCL 632,
DENTCL 633,
DENTCL 634,
DENTCL 635,
DENTCL 636,
DENTCL 637,
DENTCL 638,
